#Total No. of Collocate Types: 40
#Total No. of Collocate Tokens: 241
1	27	15	12	4.50429	я_pron
2	11	7	4	3.66471	не_part
3	6	6	0	4.45320	так_adv
4	73	6	67	2.58709	_punct
5	4	4	0	3.86824	ты_pron
6	2	2	0	6.59071	правильно_adv
7	9	1	8	5.02367	что_pron
8	6	1	5	6.30120	понимать_verb
9	3	1	2	4.52797	очень_adv
10	2	1	1	2.86824	они_pron
11	3	1	2	2.22769	ну_part
12	3	1	2	5.35464	надо_verb
13	4	1	3	1.97012	и_cconj
14	2	1	1	3.00574	все_pron
15	3	1	2	1.68596	вот_part
16	11	0	11	4.19548	это_pron
17	10	0	10	4.64460	что_sconj
18	2	0	2	4.05465	тот_det
19	2	0	2	2.96622	то_pron
20	2	0	2	6.91264	сложный_adj
21	3	0	3	4.72501	себя_pron
22	2	0	2	4.71624	самый_det
23	2	0	2	4.85374	просто_part
24	3	0	3	3.43870	она_pron
25	3	0	3	2.90265	он_pron
26	2	0	2	5.14005	о_adp
27	3	0	3	4.28814	но_cconj
28	2	0	2	1.95070	мы_pron
29	2	0	2	4.26878	какой-то_det
30	2	0	2	3.02999	как_adv
31	2	0	2	3.29793	знать_verb
32	2	0	2	4.15775	если_sconj
33	3	0	3	2.82989	да_part
34	3	0	3	3.55900	говорить_verb
35	6	0	6	3.94813	вы_pron
36	7	0	7	2.82922	в_adp
37	2	0	2	5.97404	больше_adv
38	2	0	2	4.15775	аа_intj
39	2	0	2	6.91264	а_intj
40	3	0	3	1.87067	а_cconj
